0 INF
1 INF
2 3
3 7
4 INF
5 4
6 7
7 INF
8 6
9 4
10 4
11 2
12 5
13 5
14 6
15 INF
16 5
17 5
18 5
19 6
20 INF
21 INF
22 4
23 7
24 5
25 INF
26 INF
27 2
28 6
29 6
30 INF
31 4
32 6
33 5
34 4
35 3
36 6
37 5
38 INF
39 INF
40 4
41 6
42 6
43 5
44 5
45 4
46 6
47 INF
48 INF
49 5
50 5
51 INF
52 4
53 5
54 5
55 4
56 3
57 2
58 6
59 3
60 5
61 6
62 5
63 6
64 6
65 6
66 INF
67 0
68 7
69 5
70 6
71 4
72 5
73 6
74 6
75 INF
76 7
77 5
78 INF
79 5
80 7
81 4
82 7
83 4
84 4
85 INF
86 INF
87 6
88 4
89 5
90 6
91 INF
92 4
93 4
94 7
95 INF
96 INF
97 INF
98 6
99 INF
100 4
101 7
102 5
103 6
104 5
105 5
106 5
107 7
108 6
109 INF
110 6
111 4
112 6
113 5
114 5
115 4
116 4
117 5
118 6
119 6
120 5
121 6
122 5
123 4
124 5
125 4
126 7
127 6
128 INF
129 4
130 4
131 8
132 5
133 4
134 6
135 6
136 INF
137 4
138 5
139 5
140 INF
141 INF
142 5
143 6
144 8
145 5
146 6
147 4
148 6
149 INF
150 INF
151 INF
152 5
153 3
154 INF
155 5
156 INF
157 INF
158 6
159 INF
160 5
161 5
162 6
163 INF
164 5
165 4
166 10
167 6
168 6
169 5
170 7
171 4
172 7
173 5
174 6
175 4
176 INF
177 4
178 5
179 3
180 7
181 7
182 4
183 5
184 INF
185 6
186 5
187 5
188 8
189 6
190 5
191 4
192 INF
193 3
194 4
195 5
196 7
197 INF
198 INF
199 5
200 5
201 8
202 6
203 6
204 5
205 7
206 5
207 7
208 6
209 INF
210 INF
211 3
212 6
213 5
214 6
215 5
216 5
217 5
218 INF
219 5
220 5
221 5
222 4
223 6
224 INF
225 5
226 4
227 5
228 5
229 4
230 5
231 6
232 5
233 INF
234 5
235 6
236 8
237 4
238 INF
239 INF
240 4
241 4
242 4
243 5
244 5
245 5
246 5
247 5
248 5
249 7
250 5
251 INF
252 INF
253 INF
254 6
255 4
256 5
257 5
258 6
259 5
260 3
261 5
262 5
263 5
264 INF
265 INF
266 6
267 4
268 6
269 6
270 6
271 4
272 INF
273 INF
274 INF
275 4
276 4
277 5
278 3
279 4
280 4
281 4
282 6
283 5
284 4
285 2
286 INF
287 6
288 6
289 4
290 8
291 5
292 5
293 6
294 4
295 5
296 INF
297 5
298 INF
299 INF
300 INF
301 INF
302 2
303 5
304 4
305 INF
306 4
307 4
308 4
309 5
310 5
311 5
312 5
313 6
314 3
315 INF
316 4
317 INF
318 5
319 INF
320 8
321 2
322 7
323 INF
324 INF
325 6
326 4
327 6
328 5
329 5
330 INF
331 6
332 7
333 5
334 6
335 5
336 6
337 5
338 3
339 3
340 5
341 6
342 6
343 4
344 INF
345 7
346 6
347 INF
348 9
349 5
350 6
351 5
352 5
353 6
354 6
355 INF
356 6
357 5
358 6
359 4
360 4
361 6
362 8
363 6
364 5
365 5
366 4
367 5
368 INF
369 4
370 5
371 5
372 4
373 INF
374 4
375 6
376 6
377 INF
378 5
379 4
380 5
381 6
382 5
383 6
384 INF
385 7
386 INF
387 INF
388 INF
389 5
390 INF
391 5
392 INF
393 4
394 4
395 4
396 5
397 5
398 INF
399 5
400 7
401 5
402 INF
403 5
404 3
405 6
406 INF
407 5
408 5
409 4
410 8
411 5
412 5
413 5
414 6
415 5
416 5
417 5
418 4
419 INF
420 INF
421 INF
422 INF
423 INF
424 INF
425 6
426 5
427 5
428 INF
429 6
430 6
431 7
432 5
433 4
434 4
435 5
436 6
437 7
438 INF
439 6
440 5
441 5
442 INF
443 4
444 6
445 4
446 INF
447 INF
448 INF
449 5
450 7
451 INF
452 INF
453 5
454 5
455 5
456 INF
457 4
458 4
459 6
460 INF
461 6
462 INF
463 7
464 4
465 6
466 6
467 5
468 INF
469 INF
470 INF
471 INF
472 INF
473 5
474 4
475 INF
476 5
477 3
478 7
479 6
480 5
481 4
482 INF
483 6
484 4
485 5
486 5
487 4
488 5
489 4
490 INF
491 6
492 5
493 4
494 4
495 4
496 7
497 6
498 INF
499 5
500 5
501 4
502 5
503 4
504 INF
505 6
506 7
507 5
508 3
509 6
510 7
511 5
512 INF
513 2
514 5
515 4
516 7
517 7
518 6
519 4
520 6
521 4
522 5
523 4
524 INF
525 2
526 7
527 5
528 INF
529 5
530 7
531 5
532 5
533 INF
534 4
535 5
536 INF
537 7
538 5
539 INF
540 8
541 5
542 4
543 6
544 6
545 6
546 INF
547 5
548 5
549 5
550 INF
551 6
552 5
553 INF
554 1
555 8
556 5
557 5
558 4
559 4
560 INF
561 6
562 5
563 INF
564 3
565 INF
566 6
567 6
568 6
569 7
570 5
571 INF
572 INF
573 5
574 3
575 5
576 4
577 6
578 5
579 5
580 8
581 3
582 5
583 4
584 6
585 4
586 5
587 11
588 5
589 5
590 5
591 7
592 5
593 5
594 4
595 INF
596 4
597 6
598 4
599 2
600 4
601 INF
602 3
603 INF
604 5
605 5
606 6
607 4
608 4
609 3
610 4
611 5
612 5
613 4
614 6
615 5
616 7
617 6
618 6
619 5
620 INF
621 5
622 4
623 INF
624 6
625 9
626 INF
627 3
628 4
629 5
630 INF
631 INF
632 INF
633 3
634 7
635 6
636 5
637 5
638 6
639 6
640 5
641 7
642 INF
643 7
644 5
645 4
646 INF
647 INF
648 5
649 INF
650 INF
651 5
652 INF
653 6
654 4
655 4
656 6
657 INF
658 6
659 5
660 INF
661 4
662 6
663 6
664 5
665 4
666 5
667 INF
668 4
669 5
670 5
671 6
672 4
673 4
674 INF
675 INF
676 4
677 INF
678 7
679 4
680 6
681 INF
682 4
683 5
684 4
685 5
686 5
687 4
688 6
689 6
690 7
691 6
692 6
693 7
694 5
695 4
696 4
697 5
698 6
699 4
700 4
701 8
702 INF
703 6
704 6
705 4
706 5
707 3
708 6
709 4
710 5
711 5
712 5
713 INF
714 8
715 5
716 5
717 5
718 3
719 5
720 4
721 7
722 INF
723 4
724 7
725 2
726 4
727 5
728 INF
729 6
730 7
731 4
732 3
733 5
734 6
735 6
736 5
737 5
738 5
739 6
740 INF
741 INF
742 INF
743 5
744 8
745 5
746 7
747 5
748 9
749 5
750 6
751 6
752 7
753 INF
754 7
755 6
756 6
757 6
758 5
759 6
760 6
761 5
762 6
763 INF
764 6
765 9
766 5
767 6
768 INF
769 6
770 7
771 5
772 5
773 5
774 6
775 5
776 6
777 5
778 3
779 5
780 4
781 6
782 5
783 6
784 5
785 6
786 5
787 6
788 5
789 3
790 6
791 8
792 4
793 8
794 4
795 5
796 6
797 5
798 10
799 INF
800 5
801 5
802 6
803 4
804 4
805 4
806 5
807 INF
808 8
809 INF
810 INF
811 5
812 5
813 4
814 7
815 INF
816 4
817 6
818 INF
819 INF
820 5
821 INF
822 5
823 4
824 7
825 5
826 7
827 4
828 6
829 4
830 INF
831 INF
832 4
833 INF
834 6
835 5
836 INF
837 4
838 6
839 5
840 5
841 6
842 INF
843 5
844 5
845 4
846 5
847 INF
848 5
849 5
850 INF
851 5
852 5
853 INF
854 INF
855 6
856 6
857 5
858 4
859 INF
860 5
861 5
862 5
863 INF
864 INF
865 5
866 3
867 INF
868 10
869 INF
870 6
871 INF
872 5
873 INF
874 INF
875 6
876 INF
877 5
878 6
879 INF
880 INF
881 5
882 6
883 INF
884 INF
885 6
886 7
887 6
888 5
889 5
890 5
891 6
892 5
893 4
894 5
895 4
896 4
897 INF
898 INF
899 5
900 6
901 3
902 5
903 5
904 6
905 5
906 5
907 4
908 4
909 6
910 6
911 INF
912 5
913 4
914 INF
915 5
916 5
917 5
918 6
919 5
920 4
921 7
922 5
923 6
924 3
925 5
926 2
927 INF
928 6
929 5
930 5
931 INF
932 4
933 6
934 4
935 5
936 5
937 3
938 4
939 4
940 6
941 4
942 5
943 4
944 4
945 4
946 6
947 INF
948 5
949 4
950 INF
951 6
952 5
953 6
954 5
955 6
956 5
957 6
958 INF
959 5
960 5
961 5
962 INF
963 3
964 5
965 5
966 6
967 4
968 6
969 2
970 6
971 6
972 3
973 5
974 5
975 5
976 6
977 4
978 5
979 6
980 6
981 5
982 4
983 5
984 6
985 6
986 6
987 INF
988 6
989 5
990 5
991 5
992 4
993 6
994 5
995 5
996 INF
997 INF
998 6
999 7
1000 6
1001 5
1002 6
1003 5
1004 5
1005 7
1006 4
1007 4
1008 3
1009 4
1010 INF
1011 INF
1012 INF
1013 6
1014 5
1015 5
1016 5
1017 5
1018 6
1019 7
1020 5
1021 3
1022 5
1023 6
1024 6
1025 INF
1026 5
1027 7
1028 6
1029 5
1030 6
1031 6
1032 INF
1033 INF
1034 INF
1035 8
1036 4
1037 6
1038 5
1039 INF
1040 5
1041 6
1042 6
1043 4
1044 4
1045 INF
1046 4
1047 INF
1048 INF
1049 7
1050 5
1051 6
1052 2
1053 4
1054 3
1055 4
1056 4
1057 3
1058 7
1059 4
1060 4
1061 INF
1062 INF
1063 6
1064 6
1065 8
1066 6
1067 INF
1068 6
1069 INF
1070 INF
1071 5
1072 6
1073 4
1074 5
1075 5
1076 7
1077 INF
1078 INF
1079 5
1080 INF
1081 INF
1082 5
1083 4
1084 5
1085 INF
1086 5
1087 6
1088 3
1089 4
1090 5
1091 6
1092 5
1093 5
1094 7
1095 8
1096 6
1097 INF
1098 6
1099 7
1100 6
1101 5
1102 INF
1103 5
1104 6
1105 4
1106 6
1107 INF
1108 INF
1109 5
1110 5
1111 INF
1112 6
1113 5
1114 INF
1115 7
1116 7
1117 INF
1118 4
1119 INF
1120 4
1121 3
1122 4
1123 6
1124 7
1125 INF
1126 5
1127 6
1128 INF
1129 INF
1130 8
1131 5
1132 INF
1133 INF
1134 6
1135 7
1136 6
1137 INF
1138 5
1139 INF
1140 INF
1141 4
1142 6
1143 5
1144 4
1145 INF
1146 5
1147 5
1148 6
1149 2
1150 6
1151 7
1152 INF
1153 INF
1154 6
1155 INF
1156 3
1157 4
1158 5
1159 INF
1160 8
1161 INF
1162 4
1163 5
1164 5
1165 6
1166 4
1167 5
1168 5
1169 3
1170 5
1171 4
1172 INF
1173 7
1174 6
1175 INF
1176 4
1177 6
1178 5
1179 6
1180 5
1181 6
1182 INF
1183 7
1184 INF
1185 INF
1186 6
1187 6
1188 7
1189 5
1190 INF
1191 5
1192 3
1193 4
1194 5
1195 5
1196 6
1197 INF
1198 6
1199 4
1200 5
1201 5
1202 3
1203 5
1204 INF
1205 3
1206 1
1207 2
1208 5
1209 5
1210 INF
1211 7
1212 6
1213 5
1214 INF
1215 6
1216 6
1217 5
1218 4
1219 INF
1220 4
1221 7
1222 5
1223 5
1224 4
1225 INF
1226 5
1227 4
1228 4
1229 4
1230 4
1231 5
1232 INF
1233 INF
1234 3
1235 4
1236 INF
1237 5
1238 5
1239 INF
1240 5
1241 4
1242 5
1243 7
1244 4
1245 INF
1246 7
1247 4
1248 4
1249 INF
1250 6
1251 INF
1252 5
1253 5
1254 6
1255 INF
1256 6
1257 5
1258 4
1259 7
1260 4
1261 4
1262 6
1263 INF
1264 5
1265 INF
1266 INF
1267 5
1268 5
1269 7
1270 4
1271 6
1272 5
1273 6
1274 5
1275 4
1276 4
1277 6
1278 6
1279 INF
1280 4
1281 7
1282 6
1283 5
1284 5
1285 INF
1286 5
1287 INF
1288 8
1289 INF
1290 6
1291 7
1292 5
1293 INF
1294 INF
1295 5
1296 5
1297 6
1298 4
1299 INF
1300 4
1301 INF
1302 INF
1303 INF
1304 6
1305 5
1306 4
1307 5
1308 5
1309 7
1310 INF
1311 5
1312 4
1313 6
1314 4
1315 INF
1316 5
1317 7
1318 4
1319 5
1320 INF
1321 INF
1322 INF
1323 7
1324 6
1325 5
1326 5
1327 5
1328 7
1329 8
1330 5
1331 3
1332 6
1333 5
1334 6
1335 5
1336 6
1337 4
1338 6
1339 5
1340 INF
1341 INF
1342 INF
1343 5
1344 6
1345 5
1346 6
1347 4
1348 2
1349 INF
1350 INF
1351 6
1352 4
1353 5
1354 8
1355 5
1356 INF
1357 6
1358 6
1359 6
1360 5
1361 5
1362 5
1363 5
1364 INF
1365 6
1366 6
1367 INF
1368 3
1369 4
1370 INF
1371 5
1372 5
1373 INF
1374 4
1375 4
1376 INF
1377 6
1378 5
1379 6
1380 4
1381 INF
1382 6
1383 3
1384 INF
1385 6
1386 5
1387 3
1388 INF
1389 4
1390 7
1391 7
1392 6
1393 4
1394 5
1395 5
1396 5
1397 6
1398 6
1399 3
1400 4
1401 5
1402 6
1403 5
1404 6
1405 6
1406 6
1407 5
1408 5
1409 6
1410 6
1411 8
1412 INF
1413 6
1414 5
1415 6
1416 4
1417 5
1418 3
1419 4
1420 6
1421 INF
1422 4
1423 6
1424 INF
1425 5
1426 6
1427 4
1428 4
1429 5
1430 5
1431 5
1432 3
1433 4
1434 INF
1435 4
1436 9
1437 4
1438 4
1439 4
1440 6
1441 5
1442 4
1443 3
1444 INF
1445 6
1446 6
1447 4
1448 6
1449 7
1450 5
1451 9
1452 INF
1453 INF
1454 5
1455 5
1456 5
1457 5
1458 8
1459 5
1460 4
1461 8
1462 7
1463 6
1464 7
1465 6
1466 5
1467 6
1468 5
1469 INF
1470 5
1471 6
1472 4
1473 4
1474 INF
1475 4
1476 3
1477 5
1478 5
1479 6
1480 6
1481 6
1482 4
1483 INF
1484 INF
1485 5
1486 6
1487 INF
1488 6
1489 4
1490 5
1491 5
1492 4
1493 4
1494 5
1495 5
1496 INF
1497 5
1498 3
1499 4
1500 3
1501 3
1502 3
1503 7
1504 6
1505 5
1506 5
1507 3
1508 3
1509 4
1510 INF
1511 6
1512 INF
1513 INF
1514 4
1515 INF
1516 INF
1517 5
1518 4
1519 9
1520 5
1521 5
1522 INF
1523 5
1524 INF
1525 7
1526 6
1527 4
1528 INF
1529 INF
1530 5
1531 INF
1532 INF
1533 8
1534 4
1535 INF
1536 5
1537 4
1538 3
1539 5
1540 INF
1541 7
1542 INF
1543 INF
1544 5
1545 6
1546 7
1547 INF
1548 5
1549 6
1550 INF
1551 INF
1552 4
1553 5
1554 INF
1555 4
1556 INF
1557 INF
1558 7
1559 5
1560 INF
1561 7
1562 5
1563 4
1564 6
1565 4
1566 INF
1567 5
1568 5
1569 5
1570 INF
1571 5
1572 5
1573 5
1574 7
1575 3
1576 4
1577 10
1578 6
1579 4
1580 6
1581 INF
1582 5
1583 6
1584 6
1585 4
1586 7
1587 9
1588 4
1589 6
1590 INF
1591 6
1592 INF
1593 6
1594 6
1595 5
1596 11
1597 INF
1598 5
1599 6
1600 4
1601 5
1602 INF
1603 3
1604 5
1605 4
1606 INF
1607 INF
1608 5
1609 5
1610 4
1611 5
1612 8
1613 7
1614 INF
1615 6
1616 4
1617 5
1618 6
1619 3
1620 4
1621 INF
1622 5
1623 INF
1624 4
1625 7
1626 6
1627 7
1628 INF
1629 6
1630 6
1631 INF
1632 6
1633 4
1634 4
1635 7
1636 4
1637 5
1638 5
1639 INF
1640 INF
1641 6
1642 5
1643 4
1644 INF
1645 5
1646 5
1647 INF
1648 5
1649 5
1650 5
1651 5
1652 5
1653 9
1654 INF
1655 5
1656 5
1657 5
1658 7
1659 6
1660 5
1661 4
1662 6
1663 5
1664 4
1665 3
1666 4
1667 5
1668 4
1669 INF
1670 6
1671 INF
1672 5
1673 6
1674 5
1675 5
1676 5
1677 7
1678 INF
1679 5
1680 INF
1681 INF
1682 6
1683 4
1684 3
1685 INF
1686 5
1687 INF
1688 4
1689 5
1690 INF
1691 7
1692 7
1693 INF
1694 3
1695 6
1696 6
1697 6
1698 6
1699 5
1700 3
1701 INF
1702 5
1703 INF
1704 5
1705 INF
1706 5
1707 INF
1708 INF
1709 7
1710 4
1711 7
1712 INF
1713 7
1714 6
1715 6
1716 7
1717 5
1718 2
1719 4
1720 INF
1721 INF
1722 5
1723 6
1724 4
1725 7
1726 4
1727 5
1728 INF
1729 6
1730 4
1731 6
1732 3
1733 5
1734 INF
1735 INF
1736 INF
1737 5
1738 5
1739 6
1740 4
1741 6
1742 INF
1743 INF
1744 5
1745 4
1746 5
1747 7
1748 6
1749 6
1750 4
1751 4
1752 INF
1753 INF
1754 4
1755 INF
1756 INF
1757 6
1758 4
1759 6
1760 4
1761 5
1762 INF
1763 INF
1764 5
1765 INF
1766 5
1767 5
1768 5
1769 4
1770 INF
1771 INF
1772 INF
1773 5
1774 INF
1775 4
1776 INF
1777 6
1778 INF
1779 6
1780 INF
1781 5
1782 4
1783 10
1784 5
1785 INF
1786 5
1787 INF
1788 5
1789 INF
1790 INF
1791 5
1792 4
1793 4
1794 5
1795 7
1796 4
1797 5
1798 INF
1799 6
1800 6
1801 6
1802 4
1803 6
1804 9
1805 4
1806 6
1807 5
1808 INF
1809 8
1810 5
1811 6
1812 6
1813 4
1814 INF
1815 INF
1816 5
1817 INF
1818 4
1819 5
1820 5
1821 8
1822 4
1823 5
1824 4
1825 4
1826 INF
1827 4
1828 6
1829 4
1830 6
1831 5
1832 7
1833 4
1834 4
1835 6
1836 6
1837 INF
1838 6
1839 4
1840 5
1841 INF
1842 INF
1843 INF
1844 5
1845 7
1846 4
1847 6
1848 6
1849 5
1850 7
1851 INF
1852 4
1853 5
1854 5
1855 7
1856 4
1857 5
1858 5
1859 5
1860 5
1861 INF
1862 5
1863 6
1864 6
1865 3
1866 4
1867 INF
1868 6
1869 3
1870 5
1871 INF
1872 3
1873 5
1874 4
1875 6
1876 INF
1877 5
1878 5
1879 INF
1880 5
1881 6
1882 7
1883 5
1884 5
1885 5
1886 6
1887 5
1888 5
1889 6
1890 4
1891 5
1892 9
1893 4
1894 5
1895 4
1896 5
1897 5
1898 6
1899 INF
1900 6
1901 4
1902 5
1903 5
1904 5
1905 6
1906 6
1907 5
1908 5
1909 7
1910 8
1911 5
1912 4
1913 5
1914 6
1915 6
1916 4
1917 8
1918 5
1919 4
1920 6
1921 3
1922 3
1923 5
1924 6
1925 5
1926 5
1927 5
1928 5
1929 4
1930 5
1931 4
1932 INF
1933 4
1934 3
1935 INF
1936 INF
1937 5
1938 INF
1939 6
1940 INF
1941 5
1942 INF
1943 5
1944 INF
1945 7
1946 6
1947 5
1948 6
1949 6
1950 5
1951 4
1952 3
1953 4
1954 4
1955 5
1956 INF
1957 INF
1958 4
1959 4
1960 5
1961 4
1962 4
1963 5
1964 4
1965 10
1966 5
1967 INF
1968 5
1969 6
1970 INF
1971 4
1972 5
1973 INF
1974 4
1975 5
1976 3
1977 INF
1978 INF
1979 4
1980 5
1981 INF
1982 6
1983 4
1984 5
1985 INF
1986 4
1987 5
1988 5
1989 6
1990 5
1991 5
1992 5
1993 6
1994 INF
1995 7
1996 5
1997 5
1998 4
1999 5
2000 4
2001 INF
2002 INF
2003 4
2004 5
2005 5
2006 7
2007 5
2008 6
2009 6
2010 5
2011 6
2012 5
2013 5
2014 INF
2015 6
2016 INF
2017 5
2018 5
2019 5
2020 6
2021 4
2022 4
2023 5
2024 INF
2025 6
2026 6
2027 4
2028 4
2029 INF
2030 5
2031 6
2032 5
2033 INF
2034 INF
2035 INF
2036 5
2037 INF
2038 4
2039 5
2040 INF
2041 INF
2042 INF
2043 8
2044 7
2045 6
2046 4
2047 3
2048 5
2049 6
2050 5
2051 INF
2052 5
2053 5
2054 4
2055 INF
2056 INF
2057 INF
2058 7
2059 4
2060 6
2061 5
2062 4
2063 INF
2064 INF
2065 5
2066 4
2067 3
2068 INF
2069 4
2070 7
2071 6
2072 4
2073 5
2074 INF
2075 7
2076 4
2077 INF
2078 INF
2079 5
2080 7
2081 5
2082 6
2083 7
2084 4
2085 5
2086 5
2087 7
2088 5
2089 6
2090 5
2091 6
2092 5
2093 5
2094 7
2095 8
2096 7
2097 6
2098 INF
2099 7
2100 INF
2101 5
2102 INF
2103 5
2104 5
2105 6
2106 6
2107 5
2108 4
2109 5
2110 5
2111 5
2112 INF
2113 INF
2114 INF
2115 4
2116 3
2117 4
2118 7
2119 2
2120 INF
2121 5
2122 5
2123 4
2124 INF
2125 INF
2126 7
2127 4
2128 5
2129 5
2130 6
2131 INF
2132 INF
2133 INF
2134 INF
2135 INF
2136 8
2137 4
2138 7
2139 5
2140 3
2141 6
2142 4
2143 5
2144 INF
2145 6
2146 5
2147 8
2148 5
2149 INF
2150 5
2151 5
2152 5
2153 3
2154 5
2155 6
2156 INF
2157 6
2158 5
2159 INF
2160 5
2161 3
2162 6
2163 5
2164 INF
2165 5
2166 7
2167 INF
2168 7
2169 INF
2170 INF
2171 4
2172 4
2173 6
2174 6
2175 6
2176 6
2177 6
2178 5
2179 5
2180 INF
2181 3
2182 4
2183 6
2184 6
2185 5
2186 4
2187 2
2188 7
2189 6
2190 5
2191 5
2192 INF
2193 5
2194 9
2195 5
2196 INF
2197 6
2198 5
2199 INF
2200 INF
2201 6
2202 8
2203 INF
2204 7
2205 5
2206 3
2207 5
2208 INF
2209 5
2210 5
2211 5
2212 4
2213 5
2214 3
2215 7
2216 5
2217 6
2218 6
2219 7
2220 INF
2221 6
2222 6
2223 6
2224 6
2225 5
2226 5
2227 4
2228 3
2229 3
2230 6
2231 5
2232 INF
2233 INF
2234 5
2235 7
2236 INF
2237 INF
2238 4
2239 5
2240 5
2241 5
2242 4
2243 4
2244 INF
2245 INF
2246 6
2247 INF
2248 5
2249 5
2250 5
2251 5
2252 5
2253 5
2254 4
2255 2
2256 6
2257 5
2258 5
2259 INF
2260 INF
2261 3
2262 INF
2263 7
2264 INF
2265 4
2266 6
2267 5
2268 4
2269 INF
2270 5
2271 INF
2272 6
2273 INF
2274 INF
2275 7
2276 7
2277 4
2278 5
2279 4
2280 5
2281 4
2282 5
2283 10
2284 9
2285 5
2286 INF
2287 4
2288 INF
2289 5
2290 INF
2291 4
2292 INF
2293 INF
2294 8
2295 4
2296 INF
2297 6
2298 5
2299 5
2300 4
2301 5
2302 6
2303 5
2304 6
2305 INF
2306 7
2307 4
2308 INF
2309 INF
2310 7
2311 5
2312 4
2313 8
2314 7
2315 4
2316 INF
2317 INF
2318 3
2319 INF
2320 7
2321 6
2322 4
2323 4
2324 4
2325 5
2326 INF
2327 5
2328 INF
2329 4
2330 5
2331 5
2332 4
2333 5
2334 5
2335 5
2336 4
2337 4
2338 INF
2339 6
2340 6
2341 6
2342 INF
2343 6
2344 6
2345 3
2346 INF
2347 7
2348 INF
2349 6
2350 6
2351 5
2352 INF
2353 8
2354 5
2355 6
2356 5
2357 4
2358 6
2359 8
2360 INF
2361 5
2362 6
2363 INF
2364 5
2365 5
2366 6
2367 5
2368 6
2369 INF
2370 5
2371 6
2372 7
2373 3
2374 6
2375 7
2376 5
2377 7
2378 4
2379 3
2380 INF
2381 4
2382 7
2383 INF
2384 INF
2385 6
2386 INF
2387 3
2388 INF
2389 5
2390 INF
2391 4
2392 INF
2393 INF
2394 4
2395 6
2396 INF
2397 5
2398 INF
2399 7
2400 7
2401 5
2402 3
2403 6
2404 7
2405 5
2406 7
2407 5
2408 5
2409 5
2410 5
2411 6
2412 5
2413 5
2414 INF
2415 4
2416 3
2417 INF
2418 4
2419 3
2420 5
2421 5
2422 INF
2423 5
2424 5
2425 5
2426 6
2427 INF
2428 5
2429 6
2430 5
2431 INF
2432 INF
2433 4
2434 INF
2435 9
2436 3
2437 INF
2438 INF
2439 INF
2440 5
2441 5
2442 5
2443 6
2444 4
2445 5
2446 5
2447 INF
2448 5
2449 5
2450 7
2451 6
2452 INF
2453 4
2454 4
2455 6
2456 6
2457 5
2458 INF
2459 INF
2460 5
2461 4
2462 5
2463 INF
2464 4
2465 6
2466 5
2467 4
2468 5
2469 7
2470 INF
2471 3
2472 5
2473 6
2474 4
2475 INF
2476 6
2477 4
2478 7
2479 7
2480 5
2481 INF
2482 INF
2483 5
2484 INF
2485 5
2486 3
2487 6
2488 4
2489 5
2490 4
2491 INF
2492 4
2493 INF
2494 3
2495 5
2496 INF
2497 8
2498 5
2499 INF
2500 4
2501 5
2502 5
2503 6
2504 6
2505 6
2506 5
2507 INF
2508 INF
2509 9
2510 6
2511 5
2512 5
2513 8
2514 4
2515 7
2516 7
2517 5
2518 5
2519 4
2520 5
2521 6
2522 4
2523 4
2524 INF
2525 5
2526 5
2527 4
2528 3
2529 INF
2530 6
2531 4
2532 6
2533 5
2534 INF
2535 INF
2536 INF
2537 5
2538 4
2539 6
2540 4
2541 6
2542 5
2543 5
2544 6
2545 5
2546 6
2547 7
2548 5
2549 INF
2550 6
2551 5
2552 3
2553 4
2554 8
2555 5
2556 6
2557 INF
2558 INF
2559 6
2560 5
2561 3
2562 3
2563 5
2564 4
2565 6
2566 5
2567 6
2568 INF
2569 6
2570 6
2571 5
2572 4
2573 5
2574 7
2575 9
2576 3
2577 5
2578 INF
2579 4
2580 INF
2581 3
2582 5
2583 6
2584 5
2585 4
2586 5
2587 INF
2588 5
2589 INF
2590 2
2591 6
2592 INF
2593 4
2594 3
2595 8
2596 5
2597 5
2598 4
2599 5
2600 4
2601 3
2602 4
2603 7
2604 6
2605 5
2606 INF
2607 6
2608 8
2609 5
2610 3
2611 4
2612 3
2613 4
2614 INF
2615 2
2616 5
2617 3
2618 4
2619 6
2620 7
2621 5
2622 5
2623 4
2624 1
2625 4
2626 5
2627 5
2628 4
2629 INF
2630 5
2631 7
2632 INF
2633 5
2634 6
2635 3
2636 INF
2637 4
2638 3
2639 4
2640 4
2641 6
2642 7
2643 6
2644 6
2645 INF
2646 5
2647 5
2648 INF
2649 INF
2650 5
2651 5
2652 5
2653 6
2654 5
2655 6
2656 5
2657 INF
2658 INF
2659 6
2660 7
2661 7
2662 6
2663 6
2664 5
2665 3
2666 6
2667 6
2668 5
2669 4
2670 3
2671 INF
2672 4
2673 4
2674 7
2675 3
2676 5
2677 5
2678 6
2679 INF
2680 INF
2681 6
2682 3
2683 7
2684 INF
2685 4
2686 4
2687 8
2688 5
2689 6
2690 5
2691 6
2692 2
2693 6
2694 4
2695 INF
2696 INF
2697 6
2698 6
2699 7
2700 5
2701 4
2702 6
2703 INF
2704 6
2705 5
2706 5
2707 5
2708 5
2709 INF
2710 4
2711 INF
2712 2
2713 3
2714 INF
2715 5
2716 INF
2717 5
2718 5
2719 8
2720 5
2721 4
2722 4
2723 5
2724 5
2725 3
2726 6
2727 INF
2728 4
2729 6
2730 7
2731 5
2732 1
2733 6
2734 6
2735 4
2736 4
2737 4
2738 5
2739 2
2740 2
2741 4
2742 6
2743 6
2744 2
2745 5
2746 5
2747 5
2748 4
2749 5
2750 4
2751 INF
2752 INF
2753 4
2754 5
2755 4
2756 INF
2757 INF
2758 INF
2759 INF
2760 INF
2761 6
2762 5
2763 6
2764 INF
2765 4
2766 INF
2767 INF
2768 7
2769 INF
2770 6
2771 5
2772 INF
2773 5
2774 INF
2775 6
2776 INF
2777 5
2778 7
2779 6
2780 5
2781 6
2782 5
2783 5
2784 INF
2785 INF
2786 6
2787 5
2788 7
2789 3
2790 3
2791 INF
2792 5
2793 INF
2794 4
2795 6
2796 6
2797 5
2798 6
2799 7
2800 5
2801 5
2802 5
2803 5
2804 INF
2805 5
2806 4
2807 2
2808 4
2809 6
2810 4
2811 INF
2812 3
2813 4
2814 3
2815 5
2816 INF
2817 6
2818 INF
2819 4
2820 6
2821 4
2822 6
2823 6
2824 INF
2825 6
2826 7
2827 4
2828 5
2829 6
2830 INF
2831 6
2832 2
2833 6
2834 4
2835 4
2836 7
2837 5
2838 5
2839 6
2840 4
2841 5
2842 4
2843 7
2844 3
2845 4
2846 5
2847 3
2848 INF
2849 6
2850 4
2851 7
2852 6
2853 6
2854 4
2855 5
2856 7
2857 5
2858 4
2859 6
2860 INF
2861 4
2862 5
2863 INF
2864 INF
2865 6
2866 4
2867 7
2868 7
2869 5
2870 4
2871 INF
2872 6
2873 INF
2874 6
2875 INF
2876 INF
2877 5
2878 5
2879 4
2880 INF
2881 4
2882 5
2883 5
2884 INF
2885 INF
2886 4
2887 4
2888 6
2889 4
2890 4
2891 6
2892 6
2893 6
2894 7
2895 5
2896 6
2897 6
2898 INF
2899 5
2900 4
2901 6
2902 6
2903 7
2904 4
2905 5
2906 INF
2907 4
2908 3
2909 3
2910 6
2911 4
2912 5
2913 6
2914 5
2915 5
2916 6
2917 6
2918 INF
2919 4
2920 6
2921 7
2922 5
2923 5
2924 6
2925 5
2926 5
2927 7
2928 5
2929 INF
2930 INF
2931 5
2932 5
2933 INF
2934 INF
2935 7
2936 7
2937 5
2938 6
2939 6
2940 5
2941 6
2942 6
2943 5
2944 6
2945 5
2946 INF
2947 5
2948 5
2949 6
2950 INF
2951 INF
2952 INF
2953 4
2954 3
2955 4
2956 INF
2957 7
2958 INF
2959 INF
2960 5
2961 6
2962 5
2963 4
2964 5
2965 INF
2966 6
2967 2
2968 4
2969 6
2970 5
2971 6
2972 4
2973 INF
2974 4
2975 3
2976 6
2977 5
2978 INF
2979 5
2980 6
2981 6
2982 INF
2983 5
2984 3
2985 4
2986 INF
2987 INF
2988 INF
2989 4
2990 INF
2991 4
2992 6
2993 INF
2994 4
2995 7
2996 6
2997 INF
2998 5
2999 6
3000 5
3001 4
3002 INF
3003 INF
3004 4
3005 5
3006 4
3007 3
3008 6
3009 5
3010 INF
3011 6
3012 6
3013 4
3014 6
3015 4
3016 2
3017 4
3018 INF
3019 4
3020 5
3021 4
3022 5
3023 INF
3024 5
3025 5
3026 INF
3027 4
3028 5
3029 5
3030 5
3031 5
3032 INF
3033 5
3034 5
3035 8
3036 6
3037 INF
3038 4
3039 6
3040 INF
3041 INF
3042 5
3043 4
3044 5
3045 5
3046 6
3047 6
3048 6
3049 INF
3050 5
3051 6
3052 INF
3053 7
3054 6
3055 4
3056 7
3057 INF
3058 INF
3059 INF
3060 5
3061 INF
3062 5
3063 7
3064 6
3065 3
3066 5
3067 8
3068 5
3069 6
3070 3
3071 4
3072 INF
3073 7
3074 5
3075 5
3076 3
3077 5
3078 INF
3079 5
3080 5
3081 INF
3082 4
3083 4
3084 5
3085 5
3086 6
3087 INF
3088 5
3089 8
3090 5
3091 6
3092 6
3093 4
3094 5
3095 3
3096 4
3097 4
3098 5
3099 4
3100 7
3101 5
3102 6
3103 5
3104 4
3105 6
3106 5
3107 INF
3108 4
3109 5
3110 4
3111 6
3112 4
3113 5
3114 7
3115 4
3116 5
3117 6
3118 6
3119 INF
3120 INF
3121 5
3122 6
3123 4
3124 6
3125 INF
3126 5
3127 6
3128 4
3129 6
3130 6
3131 6
3132 4
3133 5
3134 4
3135 4
3136 4
3137 4
3138 6
3139 5
3140 6
3141 5
3142 INF
3143 8
3144 4
3145 5
3146 INF
3147 5
3148 INF
3149 6
3150 2
3151 6
3152 8
3153 5
3154 5
3155 5
3156 6
3157 4
3158 6
3159 5
3160 INF
3161 7
3162 INF
3163 6
3164 5
3165 6
3166 7
3167 5
3168 6
3169 5
3170 6
3171 5
3172 3
3173 5
3174 INF
3175 5
3176 5
3177 5
3178 6
3179 INF
3180 4
3181 INF
3182 INF
3183 6
3184 4
3185 4
3186 6
3187 5
3188 6
3189 6
3190 INF
3191 INF
3192 5
3193 10
3194 5
3195 6
3196 INF
3197 4
3198 INF
3199 5
3200 5
3201 5
3202 4
3203 7
3204 6
3205 7
3206 5
3207 INF
3208 6
3209 5
3210 5
3211 6
3212 INF
3213 5
3214 6
3215 4
3216 9
3217 4
3218 7
3219 3
3220 5
3221 8
3222 4
3223 INF
3224 5
3225 5
3226 5
3227 6
3228 6
3229 5
3230 6
3231 7
3232 4
3233 5
3234 6
3235 6
3236 6
3237 4
3238 5
3239 6
3240 7
3241 INF
3242 4
3243 INF
3244 INF
3245 INF
3246 8
3247 5
3248 INF
3249 6
3250 4
3251 INF
3252 3
3253 INF
3254 4
3255 INF
3256 5
3257 5
3258 6
3259 6
3260 3
3261 4
3262 INF
3263 5
3264 6
3265 8
3266 4
3267 5
3268 5
3269 5
3270 INF
3271 6
3272 6
3273 4
3274 5
3275 5
3276 5
3277 6
3278 6
3279 5
3280 6
3281 6
3282 5
3283 6
3284 6
3285 6
3286 5
3287 INF
3288 7
3289 6
3290 INF
3291 5
3292 5
3293 INF
3294 5
3295 INF
3296 INF
3297 INF
3298 5
3299 5
3300 6
3301 5
3302 5
3303 5
3304 6
3305 5
3306 4
3307 5
3308 4
3309 INF
3310 7
3311 5
3312 7
3313 INF
3314 INF
3315 5
3316 5
3317 5
3318 4
3319 INF
3320 5
3321 INF
3322 5
3323 5
3324 6
3325 7
3326 6
3327 4
3328 5
3329 4
3330 INF
3331 5
3332 5
3333 6
3334 4
3335 INF
3336 5
3337 4
3338 4
3339 9
3340 INF
3341 4
3342 6
3343 6
3344 6
3345 4
3346 5
3347 6
3348 5
3349 INF
3350 5
3351 5
3352 5
3353 5
3354 6
3355 4
3356 8
3357 5
3358 4
3359 INF
3360 6
3361 7
3362 6
3363 7
3364 5
3365 6
3366 6
3367 6
3368 4
3369 6
3370 INF
3371 6
3372 6
3373 7
3374 6
3375 5
3376 6
3377 4
3378 5
3379 INF
3380 5
3381 INF
3382 INF
3383 5
3384 5
3385 4
3386 6
3387 5
3388 5
3389 6
3390 4
3391 5
3392 4
3393 4
3394 4
3395 5
3396 INF
3397 6
3398 4
3399 5
3400 4
3401 5
3402 5
3403 INF
3404 3
3405 5
3406 7
3407 5
3408 6
3409 INF
3410 5
3411 INF
3412 5
3413 5
3414 5
3415 6
3416 INF
3417 INF
3418 6
3419 6
3420 6
3421 5
3422 INF
3423 4
3424 6
3425 5
3426 5
3427 4
3428 4
3429 6
3430 8
3431 5
3432 INF
3433 4
3434 5
3435 5
3436 5
3437 INF
3438 5
3439 6
3440 4
3441 5
3442 8
3443 4
3444 3
3445 6
3446 5
3447 6
3448 5
3449 5
3450 5
3451 5
3452 INF
3453 INF
3454 6
3455 4
3456 3
3457 6
3458 INF
3459 INF
3460 INF
3461 5
3462 4
3463 6
3464 INF
3465 5
3466 INF
3467 4
3468 5
3469 7
3470 4
3471 INF
3472 INF
3473 6
3474 5
3475 6
3476 5
3477 7
3478 4
3479 5
3480 INF
3481 INF
3482 INF
3483 6
3484 4
3485 INF
3486 5
3487 INF
3488 4
3489 6
3490 5
3491 4
3492 5
3493 4
3494 5
3495 5
3496 5
3497 6
3498 6
3499 INF
3500 4
3501 INF
3502 5
3503 INF
3504 5
3505 4
3506 4
3507 4
3508 6
3509 5
3510 INF
3511 6
3512 6
3513 5
3514 5
3515 4
3516 INF
3517 INF
3518 3
3519 3
3520 5
3521 7
3522 4
3523 6
3524 6
3525 6
3526 6
3527 6
3528 INF
3529 6
3530 6
3531 5
3532 4
3533 5
3534 5
3535 6
3536 5
3537 INF
3538 5
3539 6
3540 5
3541 5
3542 INF
3543 4
3544 5
3545 6
3546 INF
3547 6
3548 4
3549 7
3550 7
3551 5
3552 5
3553 INF
3554 4
3555 INF
3556 INF
3557 5
3558 4
3559 4
3560 7
3561 INF
3562 5
3563 5
3564 4
3565 4
3566 5
3567 5
3568 6
3569 6
3570 5
3571 5
3572 INF
3573 6
3574 6
3575 5
3576 6
3577 5
3578 INF
3579 6
3580 4
3581 5
3582 5
3583 INF
3584 INF
3585 5
3586 4
3587 5
3588 5
3589 3
3590 8
3591 6
3592 5
3593 3
3594 7
3595 6
3596 6
3597 INF
3598 5
3599 6
3600 5
3601 6
3602 5
3603 INF
3604 3
3605 6
3606 INF
3607 6
3608 INF
3609 5
3610 INF
3611 4
3612 5
3613 INF
3614 5
3615 4
3616 4
3617 5
3618 INF
3619 5
3620 5
3621 INF
3622 5
3623 5
3624 5
3625 INF
3626 6
3627 5
3628 4
3629 5
3630 5
3631 5
3632 6
3633 INF
3634 4
3635 4
3636 4
3637 INF
3638 4
3639 5
3640 4
3641 7
3642 INF
3643 INF
3644 3
3645 5
3646 5
3647 3
3648 7
3649 4
3650 6
3651 INF
3652 6
3653 5
3654 5
3655 INF
3656 5
3657 7
3658 6
3659 3
3660 5
3661 INF
3662 4
3663 6
3664 4
3665 9
3666 6
3667 5
3668 4
3669 8
3670 4
3671 INF
3672 INF
3673 INF
3674 5
3675 5
3676 6
3677 5
3678 5
3679 INF
3680 INF
3681 5
3682 6
3683 5
3684 4
3685 4
3686 INF
3687 7
3688 5
3689 5
3690 5
3691 5
3692 4
3693 4
3694 5
3695 7
3696 6
3697 4
3698 4
3699 INF
3700 4
3701 5
3702 8
3703 5
3704 INF
3705 INF
3706 4
3707 5
3708 INF
3709 8
3710 6
3711 7
3712 6
3713 6
3714 3
3715 INF
3716 5
3717 5
3718 INF
3719 5
3720 INF
3721 5
3722 6
3723 4
3724 INF
3725 6
3726 5
3727 7
3728 7
3729 INF
3730 INF
3731 7
3732 9
3733 4
3734 6
3735 5
3736 5
3737 5
3738 INF
3739 5
3740 6
3741 5
3742 5
3743 7
3744 INF
3745 4
3746 4
3747 INF
3748 6
3749 3
3750 3
3751 3
3752 3
3753 4
3754 6
3755 4
3756 8
3757 4
3758 2
3759 4
3760 8
3761 6
3762 5
3763 4
3764 6
3765 5
3766 6
3767 5
3768 4
3769 7
3770 4
3771 5
3772 5
3773 6
3774 5
3775 5
3776 7
3777 4
3778 INF
3779 4
3780 5
3781 4
3782 INF
3783 5
3784 3
3785 6
3786 5
3787 4
3788 5
3789 5
3790 7
3791 6
3792 5
3793 5
3794 INF
3795 5
3796 6
3797 3
3798 5
3799 INF
3800 4
3801 INF
3802 7
3803 INF
3804 6
3805 5
3806 INF
3807 INF
3808 INF
3809 6
3810 5
3811 6
3812 5
3813 6
3814 INF
3815 6
3816 6
3817 INF
3818 INF
3819 INF
3820 6
3821 5
3822 7
3823 4
3824 6
3825 5
3826 5
3827 5
3828 6
3829 5
3830 5
3831 5
3832 6
3833 4
3834 INF
3835 5
3836 5
3837 7
3838 6
3839 INF
3840 5
3841 6
3842 5
3843 5
3844 5
3845 3
3846 INF
3847 6
3848 5
3849 4
3850 INF
3851 4
3852 4
3853 5
3854 5
3855 3
3856 6
3857 4
3858 5
3859 6
3860 INF
3861 INF
3862 6
3863 5
3864 5
3865 3
3866 5
3867 10
3868 6
3869 INF
3870 6
3871 INF
3872 4
3873 5
3874 6
3875 INF
3876 5
3877 5
3878 6
3879 4
3880 6
3881 5
3882 7
3883 5
3884 6
3885 INF
3886 5
3887 INF
3888 7
3889 4
3890 6
3891 3
3892 3
3893 4
3894 4
3895 5
3896 7
3897 INF
3898 4
3899 4
3900 7
3901 10
3902 INF
3903 5
3904 7
3905 6
3906 5
3907 5
3908 INF
3909 4
3910 INF
3911 5
3912 4
3913 5
3914 4
3915 5
3916 INF
3917 INF
3918 INF
3919 INF
3920 6
3921 INF
3922 INF
3923 6
3924 5
3925 6
3926 7
3927 6
3928 INF
3929 10
3930 INF
3931 INF
3932 5
3933 INF
3934 3
3935 5
3936 6
3937 INF
3938 6
3939 INF
3940 6
3941 3
3942 4
3943 INF
3944 7
3945 4
3946 INF
3947 INF
3948 6
3949 4
3950 4
3951 6
3952 5
3953 5
3954 6
3955 4
3956 5
3957 5
3958 5
3959 4
3960 5
3961 5
3962 5
3963 4
3964 4
3965 6
3966 5
3967 7
3968 6
3969 5
3970 7
3971 5
3972 6
3973 4
3974 INF
3975 5
3976 5
3977 4
3978 6
3979 5
3980 5
3981 6
3982 5
3983 5
3984 5
3985 6
3986 4
3987 4
3988 6
3989 6
3990 5
3991 2
3992 INF
3993 5
3994 6
3995 5
3996 INF
3997 INF
3998 6
3999 5
4000 INF
4001 3
4002 6
4003 4
4004 INF
4005 5
4006 INF
4007 6
4008 6
4009 6
4010 5
4011 INF
4012 INF
4013 INF
4014 4
4015 4
4016 INF
4017 3
4018 5
4019 5
4020 INF
4021 6
4022 4
4023 5
4024 7
4025 5
4026 4
4027 5
4028 5
4029 7
4030 5
4031 5
4032 5
4033 5
4034 6
4035 5
4036 5
4037 4
4038 5
4039 INF
4040 6
4041 INF
4042 5
4043 4
4044 5
4045 3
4046 5
4047 4
4048 5
4049 7
4050 7
4051 INF
4052 6
4053 4
4054 3
4055 6
4056 5
4057 4
4058 4
4059 4
4060 6
4061 5
4062 3
4063 6
4064 INF
4065 6
4066 INF
4067 3
4068 4
4069 INF
4070 6
4071 5
4072 5
4073 6
4074 6
4075 6
4076 4
4077 5
4078 INF
4079 5
4080 6
4081 6
4082 5
4083 INF
4084 4
4085 5
4086 6
4087 7
4088 6
4089 9
4090 6
4091 5
4092 7
4093 8
4094 5
4095 6
4096 4
4097 INF
4098 2
4099 5
4100 7
4101 INF
4102 INF
4103 7
4104 4
4105 INF
4106 INF
4107 5
4108 5
4109 5
4110 INF
4111 4
4112 4
4113 5
4114 INF
4115 6
4116 5
4117 INF
4118 5
4119 INF
4120 5
4121 5
4122 6
4123 INF
4124 7
4125 6
4126 4
4127 6
4128 8
4129 5
4130 4
4131 7
4132 6
4133 4
4134 6
4135 5
4136 7
4137 5
4138 4
4139 5
4140 6
4141 INF
4142 6
4143 INF
4144 7
4145 7
4146 5
4147 5
4148 6
4149 5
4150 7
4151 INF
4152 4
4153 4
4154 6
4155 6
4156 3
4157 4
4158 5
4159 4
4160 5
4161 7
4162 4
4163 6
4164 6
4165 5
4166 4
4167 6
4168 6
4169 5
4170 6
4171 4
4172 6
4173 INF
4174 4
4175 6
4176 6
4177 6
4178 5
4179 6
4180 4
4181 4
4182 INF
4183 5
4184 4
4185 INF
4186 5
4187 4
4188 6
4189 INF
4190 6
4191 5
4192 9
4193 7
4194 5
4195 6
4196 7
4197 INF
4198 INF
4199 INF
4200 6
4201 INF
4202 7
4203 INF
4204 4
4205 4
4206 5
4207 6
4208 3
4209 INF
4210 4
4211 5
4212 6
4213 5
4214 5
4215 INF
4216 7
4217 5
4218 INF
4219 INF
4220 2
4221 6
4222 4
4223 INF
4224 6
4225 7
4226 5
4227 INF
4228 3
4229 6
4230 6
4231 INF
4232 3
4233 3
4234 7
4235 INF
4236 INF
4237 4
4238 INF
4239 7
4240 7
4241 6
4242 5
4243 5
4244 5
4245 4
4246 5
4247 6
4248 6
4249 9
4250 5
4251 6
4252 8
4253 4
4254 INF
4255 5
4256 6
4257 5
4258 5
4259 6
4260 5
4261 6
4262 4
4263 6
4264 4
4265 3
4266 INF
4267 7
4268 4
4269 7
4270 INF
4271 6
4272 INF
4273 6
4274 5
4275 5
4276 7
4277 5
4278 INF
4279 4
4280 INF
4281 4
4282 4
4283 INF
4284 5
4285 6
4286 6
4287 INF
4288 INF
4289 INF
4290 INF
4291 INF
4292 4
4293 4
4294 5
4295 4
4296 5
4297 4
4298 5
4299 INF
4300 INF
4301 5
4302 INF
4303 4
4304 INF
4305 6
4306 INF
4307 5
4308 6
4309 7
4310 5
4311 6
4312 4
4313 6
4314 6
4315 5
4316 8
4317 5
4318 5
4319 6
4320 4
4321 3
4322 4
4323 4
4324 INF
4325 INF
4326 INF
4327 INF
4328 2
4329 7
4330 5
4331 4
4332 4
4333 6
4334 6
4335 6
4336 6
4337 5
4338 5
4339 4
4340 INF
4341 4
4342 6
4343 4
4344 6
4345 5
4346 INF
4347 7
4348 INF
4349 5
4350 7
4351 4
4352 8
4353 8
4354 INF
4355 3
4356 4
4357 6
4358 5
4359 5
4360 4
4361 3
4362 4
4363 5
4364 7
4365 5
4366 5
4367 4
4368 INF
4369 9
4370 6
4371 INF
4372 4
4373 6
4374 5
4375 5
4376 INF
4377 6
4378 INF
4379 5
4380 5
4381 5
4382 5
4383 6
4384 6
4385 6
4386 5
4387 6
4388 7
4389 4
4390 5
4391 5
4392 5
4393 6
4394 INF
4395 INF
4396 7
4397 6
4398 7
4399 8
4400 INF
4401 5
4402 6
4403 7
4404 6
4405 3
4406 5
4407 4
4408 6
4409 7
4410 INF
4411 6
4412 5
4413 6
4414 6
4415 1
4416 7
4417 4
4418 5
4419 5
4420 6
4421 3
4422 5
4423 INF
4424 5
4425 4
4426 5
4427 7
4428 INF
4429 5
4430 INF
4431 6
4432 6
4433 5
4434 6
4435 5
4436 7
4437 7
4438 5
4439 8
4440 4
4441 7
4442 5
4443 5
4444 5
4445 5
4446 6
4447 5
4448 INF
4449 2
4450 10
4451 4
4452 4
4453 5
4454 4
4455 2
4456 4
4457 4
4458 12
4459 4
4460 INF
4461 6
4462 4
4463 5
4464 6
4465 6
4466 6
4467 4
4468 9
4469 6
4470 5
4471 INF
4472 8
4473 4
4474 5
4475 4
4476 5
4477 INF
4478 5
4479 6
4480 5
4481 5
4482 5
4483 INF
4484 INF
4485 INF
4486 INF
4487 6
4488 5
4489 6
4490 INF
4491 3
4492 4
4493 6
4494 5
4495 5
4496 8
4497 5
4498 5
4499 INF
4500 2
4501 INF
4502 6
4503 4
4504 5
4505 5
4506 INF
4507 3
4508 4
4509 5
4510 5
4511 INF
4512 8
4513 INF
4514 5
4515 5
4516 3
4517 5
4518 6
4519 5
4520 7
4521 4
4522 5
4523 7
4524 4
4525 5
4526 5
4527 3
4528 5
4529 4
4530 5
4531 5
4532 5
4533 6
4534 5
4535 5
4536 7
4537 5
4538 6
4539 4
4540 6
4541 5
4542 4
4543 INF
4544 4
4545 5
4546 5
4547 4
4548 3
4549 4
4550 5
4551 8
4552 3
4553 INF
4554 5
4555 5
4556 4
4557 INF
4558 INF
4559 3
4560 5
4561 6
4562 4
4563 7
4564 4
4565 INF
4566 INF
4567 4
4568 6
4569 5
4570 6
4571 7
4572 5
4573 4
4574 6
4575 INF
4576 4
4577 5
4578 4
4579 5
4580 5
4581 4
4582 6
4583 5
4584 6
4585 4
4586 6
4587 INF
4588 4
4589 INF
4590 4
4591 6
4592 6
4593 4
4594 6
4595 6
4596 5
4597 7
4598 4
4599 5
4600 4
4601 8
4602 4
4603 INF
4604 6
4605 4
4606 4
4607 6
4608 6
4609 5
4610 INF
4611 INF
4612 6
4613 4
4614 INF
4615 5
4616 6
4617 4
4618 INF
4619 6
4620 4
4621 4
4622 INF
4623 4
4624 INF
4625 6
4626 INF
4627 6
4628 4
4629 5
4630 5
4631 7
4632 6
4633 INF
4634 INF
4635 5
4636 7
4637 INF
4638 5
4639 6
4640 5
4641 3
4642 4
4643 5
4644 5
4645 6
4646 5
4647 6
4648 5
4649 7
4650 4
4651 5
4652 5
4653 INF
4654 INF
4655 7
4656 5
4657 INF
4658 INF
4659 INF
4660 4
4661 4
4662 INF
4663 5
4664 INF
4665 9
4666 6
4667 4
4668 6
4669 INF
4670 4
4671 4
4672 6
4673 5
4674 4
4675 5
4676 4
4677 6
4678 5
4679 7
4680 4
4681 5
4682 5
4683 5
4684 5
4685 5
4686 5
4687 5
4688 6
4689 3
4690 5
4691 4
4692 5
4693 4
4694 5
4695 5
4696 6
4697 5
4698 7
4699 4
4700 5
4701 4
4702 INF
4703 5
4704 6
4705 8
4706 6
4707 5
4708 INF
4709 6
4710 4
4711 3
4712 6
4713 5
4714 INF
4715 7
4716 7
4717 INF
4718 6
4719 INF
4720 5
4721 5
4722 6
4723 INF
4724 4
4725 4
4726 6
4727 7
4728 7
4729 6
4730 5
4731 4
4732 4
4733 4
4734 5
4735 5
4736 INF
4737 4
4738 INF
4739 INF
4740 6
4741 4
4742 3
4743 6
4744 5
4745 4
4746 6
4747 4
4748 INF
4749 6
4750 5
4751 4
4752 4
4753 2
4754 INF
4755 5
4756 INF
4757 8
4758 6
4759 INF
4760 7
4761 6
4762 4
4763 5
4764 7
4765 INF
4766 5
4767 5
4768 2
4769 INF
4770 4
4771 5
4772 6
4773 5
4774 6
4775 3
4776 6
4777 7
4778 3
4779 3
4780 INF
4781 6
4782 INF
4783 INF
4784 4
4785 INF
4786 INF
4787 9
4788 INF
4789 9
4790 4
4791 4
4792 6
4793 6
4794 INF
4795 INF
4796 6
4797 5
4798 5
4799 INF
4800 6
4801 8
4802 5
4803 5
4804 6
4805 5
4806 4
4807 INF
4808 6
4809 7
4810 5
4811 4
4812 6
4813 5
4814 6
4815 6
4816 INF
4817 6
4818 5
4819 4
4820 4
4821 4
4822 5
4823 INF
4824 6
4825 4
4826 5
4827 INF
4828 5
4829 3
4830 3
4831 4
4832 8
4833 4
4834 4
4835 6
4836 5
4837 5
4838 3
4839 5
4840 7
4841 3
4842 3
4843 5
4844 5
4845 6
4846 7
4847 5
4848 INF
4849 INF
4850 4
4851 INF
4852 6
4853 INF
4854 5
4855 7
4856 INF
4857 INF
4858 4
4859 INF
4860 5
4861 INF
4862 5
4863 5
4864 5
4865 INF
4866 6
4867 5
4868 INF
4869 5
4870 INF
4871 6
4872 6
4873 6
4874 INF
4875 5
4876 INF
4877 INF
4878 6
4879 5
4880 4
4881 INF
4882 4
4883 5
4884 6
4885 5
4886 5
4887 4
4888 INF
4889 6
4890 6
4891 3
4892 5
4893 3
4894 5
4895 5
4896 5
4897 3
4898 INF
4899 4
4900 INF
4901 4
4902 5
4903 3
4904 INF
4905 INF
4906 INF
4907 6
4908 7
4909 6
4910 5
4911 3
4912 6
4913 6
4914 5
4915 4
4916 4
4917 INF
4918 5
4919 3
4920 4
4921 INF
4922 6
4923 5
4924 5
4925 5
4926 6
4927 5
4928 6
4929 INF
4930 5
4931 INF
4932 6
4933 5
4934 6
4935 5
4936 5
4937 5
4938 INF
4939 5
4940 6
4941 5
4942 6
4943 7
4944 6
4945 4
4946 6
4947 7
4948 INF
4949 4
4950 INF
4951 INF
4952 5
4953 5
4954 6
4955 4
4956 7
4957 4
4958 INF
4959 5
4960 INF
4961 5
4962 5
4963 4
4964 6
4965 INF
4966 INF
4967 6
4968 4
4969 5
4970 7
4971 INF
4972 5
4973 INF
4974 4
4975 4
4976 4
4977 4
4978 5
4979 5
4980 4
4981 INF
4982 6
4983 5
4984 INF
4985 6
4986 3
4987 4
4988 4
4989 6
4990 4
4991 4
4992 6
4993 INF
4994 6
4995 INF
4996 6
4997 5
4998 5
4999 8
5000 6
5001 6
5002 INF
5003 4
5004 3
5005 7
5006 4
5007 5
5008 5
5009 INF
5010 INF
5011 6
5012 INF
5013 INF
5014 6
5015 INF
5016 4
5017 5
5018 5
5019 7
5020 6
5021 5
5022 6
5023 5
5024 5
5025 4
5026 5
5027 5
5028 5
5029 3
5030 INF
5031 4
5032 9
5033 7
5034 6
5035 4
5036 INF
5037 4
5038 7
5039 INF
5040 INF
5041 5
5042 6
5043 7
5044 4
5045 4
5046 4
5047 5
5048 5
5049 INF
5050 6
5051 5
5052 4
5053 3
5054 6
5055 4
5056 4
5057 4
5058 6
5059 5
5060 6
5061 4
5062 6
5063 10
5064 INF
5065 4
5066 5
5067 5
5068 5
5069 5
5070 6
5071 5
5072 7
5073 3
5074 6
5075 5
5076 4
5077 INF
5078 INF
5079 6
5080 3
5081 INF
5082 5
5083 INF
5084 5
5085 INF
5086 5
5087 INF
5088 INF
5089 INF
5090 INF
5091 4
5092 6
5093 4
5094 INF
5095 9
5096 4
5097 6
5098 5
5099 INF
5100 INF
5101 6
5102 6
5103 4
5104 4
5105 5
5106 5
5107 7
5108 5
5109 6
5110 5
5111 5
5112 5
5113 INF
5114 INF
5115 5
5116 4
5117 8
5118 4
5119 3
5120 INF
5121 5
5122 INF
5123 INF
5124 5
5125 8
5126 INF
5127 7
5128 5
5129 8
5130 6
5131 4
5132 INF
5133 6
5134 INF
5135 INF
5136 4
5137 7
5138 INF
5139 INF
5140 5
5141 4
5142 5
5143 6
5144 6
5145 6
5146 5
5147 4
5148 4
5149 6
5150 7
5151 5
5152 6
5153 5
5154 4
5155 8
5156 5
5157 5
5158 6
5159 INF
5160 INF
5161 6
5162 6
5163 3
5164 INF
5165 5
5166 6
5167 5
5168 5
5169 7
5170 7
5171 7
5172 5
5173 4
5174 5
5175 7
5176 5
5177 5
5178 2
5179 5
5180 5
5181 6
5182 5
5183 4
5184 5
5185 INF
5186 INF
5187 6
5188 7
5189 INF
5190 5
5191 4
5192 4
5193 5
5194 5
5195 6
5196 5
5197 7
5198 INF
5199 6
5200 INF
5201 6
5202 6
5203 INF
5204 2
5205 5
5206 6
5207 8
5208 4
5209 INF
5210 2
5211 7
5212 6
5213 6
5214 6
5215 6
5216 INF
5217 5
5218 2
5219 INF
5220 4
5221 8
5222 INF
5223 4
5224 5
5225 5
5226 6
5227 5
5228 4
5229 5
5230 6
5231 6
5232 4
5233 5
5234 INF
5235 5
5236 5
5237 INF
5238 5
5239 6
5240 5
